1.917848549326276908e+00
1.964905225248664955e+00
1.992329217671681141e+00
9.999232575641009424e-01
-1.789582344281006820e+00
1.955060235330194907e+00
-9.656577765492769805e-01
-1.973543928549226223e+00
-9.980266527163614843e-01
-1.998618777495835719e+00
-1.981214711389741590e+00
6.877661591839766553e-01
-1.887391338888211978e+00
-9.059547423084640672e-01
4.425204432948568467e-01
-1.607568853103248152e+00
-1.480751779904904364e+00
-6.695697621966062441e-01
5.837414342758629610e-02
-5.086614643723798013e-01
-8.403340736532947108e-01
-3.274744391376997465e-01
-4.630196502030917149e-01
-1.332320414199510139e-01
-5.155013718214569440e-01
-5.984721441039493328e-01
-6.754631805511440712e-01
-1.491410424353427633e+00
7.164585644736375381e-01
-1.726418733297737207e+00
-1.818594853651354537e+00
-9.463000876874109180e-01
-9.738476308781925939e-01
-1.983329620904934254e+00
-1.999147206083009554e+00
-9.974949866040553337e-01
9.193285256646708259e-01
9.540192499020851979e-01
1.958355458302629026e+00
1.989105176407975462e+00
-1.682941969615808331e+00
9.954362533063787488e-01
-7.173560908995331165e-01
-6.442176872377027852e-01
1.845550843225625570e+00
8.796957599716777043e-01
8.278264690856625974e-01
-2.955202066613555334e-01
1.399749375187110179e+00
-9.983341664684547423e-02
-1.776356839400250465e-14
1.996668332936202550e-01
1.986693307950431198e-01
2.717606264109612701e-01
3.894183423086328144e-01
4.794255386041858524e-01
-4.955085090667646353e-02
-2.489088470140846387e-01
-4.457798282004537538e-01
-6.381967246986638420e-01
-4.121184852417371647e-01
-5.010208564578662038e-01
9.320390859672184058e-01
-6.629692300821660167e-01
-1.468794195748195364e+00
1.994989973208105560e+00
1.999147206083011774e+00
9.916648104524716789e-01
1.947695261756401397e+00
-1.939779621690160605e+00
9.092974268256920345e-01
1.726418733297772956e+00
-9.985433453746063170e-01
1.491410424353474928e+00
6.754631805511702725e-01
-9.379999767747481121e-01
5.155013718214873641e-01
8.547597604677092953e-01
-1.587335727698339749e+00
-1.457938080251790725e+00
2.822400161197907154e-01
-5.784397643882233098e-01
-1.167482868551016489e-01
-8.096998412332502282e-01
-6.230827270268131102e-01
-7.015664553791831626e-01
-8.850408865896499666e-01
-5.298361409084669793e-01
-1.223715781885388765e+00
-1.375532318367901796e+00
2.794154981988951625e-01
3.738766648302063733e-01
9.292043588274565558e-01
1.101371085195220312e+00
6.312666378722954219e-01
7.055403255703679433e-01
-9.936910036334606344e-01
-9.999232575641004983e-01
-9.961646088358436790e-01
-1.964905225248678056e+00
9.589242746631283509e-01
1.964905225248651632e+00
1.992329217671674924e+00
1.999846515128202773e+00
-7.727644875560107929e-01
-7.055403255704183474e-01
-6.312666378723504890e-01
-1.101371085195338884e+00
-4.646021794137911720e-01
8.182771110644327939e-01
7.568024953079538486e-01
-1.821625042721343180e-01
-8.308940281753622592e-02
1.681390048430975170e-02
2.330984097009061173e-01
2.151199880877756321e-01
2.555411020268711364e-01
1.577456941432894277e-01
5.837414342762176078e-02
-4.158066243324833738e-02
6.569865987187569756e-01
-2.392493292139405980e-01
-6.699763003117281679e-01
8.504366206285415286e-01
-5.155013718214265239e-01
-5.984721441039209111e-01
1.935839344062950440e+00
1.976336467753986970e+00
1.997086690749205085e+00
1.997882683679548244e+00
-9.092974268256625026e-01
-1.892600175374798965e+00
-1.947695261756368978e+00
1.804343667512628091e+00
8.545989080883054090e-01
7.984871126235191241e-01
1.468794195748291953e+00
-9.635581854172059479e-01
-1.864078171934488326e+00
5.010208564579277102e-01
8.242369704836037814e-01
-7.833269096275145005e-01
4.457798282005922541e-01
-1.288435374475459749e+00
2.477542545340926522e-02
-4.794255386042481915e-01
-1.743267812229289115e-01
-5.435212528217857608e-01
-3.973386615902255170e-01
-1.996668332937616419e-01
-5.329070518200751394e-14
9.983341664677478078e-02
-6.998746875935042411e-01
-1.535371619527094333e+00
7.788366846172002367e-01
-8.796957599716439535e-01
1.129284946789979260e+00
1.288435374475296769e+00
-9.809362300664804524e-01
-1.990872506612743953e+00
-1.999980413101407395e+00
-9.945525882039949472e-01
1.864078171934411055e+00
-9.540192499021070693e-01
1.970899459976900525e+00
-1.750904349376912084e+00
1.999147206083013772e+00
-7.619835839190723936e-01
-6.935250847771659011e-01
-6.181371122370793447e-01
9.092974268257068005e-01
1.726418733297810704e+00
-3.582292822368851049e-01
1.491410424353519781e+00
-3.312083508967414436e-01
1.196944288208015461e+00
1.031002743643035569e+00
4.273798802338851788e-01
6.699763003119290072e-01
2.392493292140457917e-01
4.201670368265829070e-01
8.316132486670610446e-02
-5.837414342751535978e-02
-3.154913882863648600e-01
7.403758899524044423e-01
1.607568853103165774e+00
-4.425204432947931199e-01
1.811909484616866406e+00
-1.223715781885332587e+00
-1.375532318367852724e+00
-1.513604990615768253e+00
-8.182771110643705104e-01
1.996053305432732072e+00
1.973543928549248649e+00
-9.516020738894948039e-01
-9.775301176650821322e-01
-1.987382007266913275e+00
-9.999232575641000542e-01
-1.992329217671693575e+00
7.228813495120263166e-01
